helnim={
	location=3087
	outgoing={
		name="ebonheart"
		path={
			3092 3094 3362 3112 3113 
		}
		control={
			3757.000000 1516.000000 3757.000000 1486.000000 3743.000000 1450.000000 3717.000000 1431.000000 3685.000000 1425.000000 
		}
	}
	outgoing={
		name="balmora"
		path={
			3363 3042 3044 3048 3055 3056 
		}
		control={
			3757.000000 1516.000000 3757.000000 1486.000000 3743.000000 1450.000000 3699.000000 1429.000000 3632.000000 1465.000000 3613.000000 1484.000000 3606.000000 1501.000000 
		}
	}
	outgoing={
		name="blacklight"
		path={
			3363 3364 3040 3043 3066 3061 3357 3157 
		}
		control={
			3765.000000 1537.000000 3759.000000 1573.000000 3728.000000 1605.000000 3706.000000 1646.000000 3701.000000 1663.000000 3677.000000 1676.000000 3660.000000 1697.000000 3595.000000 1701.000000 3571.000000 1661.000000 3545.000000 1649.000000 3527.000000 1637.000000 
		}
	}
	members={
		3068 3069 3070 3071 3072 3073 3074 3075 3076 3077 3078 3079 3080 3081 3082 3083 3084 3085 3086 3087 3088 3089 3090 3091 3092 3093 3094 3097 3098 3099 3100 3373 3681 3680 3679 3682 3683 3659 3658 3660 
	}
}
balmora={
	location=3056
	outgoing={
		name="ebonheart"
		path={
			3053 3050 3359 3113 
		}
		control={
			3624.000000 1495.000000 3641.000000 1493.000000 3664.000000 1468.000000 3673.000000 1433.000000 
		}
	}
	outgoing={
		name="blacklight"
		path={
			3058 3357 3157 
		}
		control={
			3609.000000 1529.000000 3600.000000 1546.000000 3584.000000 1583.000000 3555.000000 1583.000000 3520.000000 1603.000000 3509.000000 1627.000000 
		}
	}
	members={
		3027 3028 3029 3030 3031 3032 3033 3034 3035 3036 3037 3038 3039 3040 3041 3042 3043 3044 3045 3046 3047 3048 3049 3050 3051 3052 3053 3054 3055 3056 3057 3058 3059 3060 3061 3062 3063 3064 3065 3066 3067 3364 3366 
	}
}
ebonheart={
	location=3113
	outgoing={
		name="narsis"
		path={
			3360 3685 3165 3163 
		}
		control={
			3657.000000 1389.000000 3655.000000 1345.000000 3658.000000 1319.000000 3660.000000 1296.000000 3656.000000 1256.000000 3648.000000 1228.000000 3652.000000 1204.000000 
		}
	}
	outgoing={
		name="blacklight"
		path={
			3359 3054 3053 3056 3058 3357 3157 
		}
		control={
			3661.000000 1426.000000 3621.000000 1437.000000 3559.000000 1490.000000 3538.000000 1563.000000 3515.000000 1609.000000 3509.000000 1627.000000 
		}
	}
	outgoing={
		name="thorn"
		path={
			3654 3120 3119 3118 3132 3134 3184 
		}
		control={
			3667.000000 1388.000000 3663.000000 1356.000000 3707.000000 1347.000000 3744.000000 1343.000000 3791.000000 1334.000000 3822.000000 1311.000000 3854.000000 1288.000000 3870.000000 1250.000000 3870.000000 1199.000000 3885.000000 1164.000000 3875.000000 1136.000000 
		}
	}
	members={
		3095 3096 3101 3102 3103 3105 3106 3107 3111 3104 3109 3110 3112 3113 3114 3115 3116 3117 3119 3120 3121 3122 3123 3124 3125 3126 3127 3148 3154 3159 3684 3654 3661 3655 3656 3657 3716
	}
}
blacklight={
	location=3157
	outgoing={
		name="solitude"
		path={
			3355 3275 3276 3547 3548 3290 
		}
		control={
			3463.000000 1657.000000 3375.000000 1709.000000 3344.000000 1723.000000 3303.000000 1764.000000 3242.000000 1743.000000 3168.000000 1740.000000 3056.000000 1749.000000 3038.000000 1732.000000 
		}
	}
	outgoing={
		name="cheydinhal_t"
		path={
			3156 3150 3153 3422 3429 
		}
		control={
			3490.000000 1581.000000 3495.000000 1547.000000 3493.000000 1503.000000 3504.000000 1486.000000 3519.000000 1450.000000 3477.000000 1444.000000 3429.000000 1398.000000 3410.000000 1380.000000 
		}
	}
	outgoing={
		name="riften"
		path={
			3245 3246 3353 3263 3261 
		}
		control={
			3490.000000 1581.000000 3495.000000 1547.000000 3493.000000 1503.000000 3504.000000 1486.000000 3519.000000 1450.000000 3479.000000 1453.000000 3449.000000 1474.000000 3417.000000 1471.000000 3382.000000 1486.000000 
		}
	}
	members={
		3143 3144 3145 3146 3147 3149 3150 3151 3152 3153 3155 3156 3157 3158 3244 3245 3246 3247 3248 3249 3250 3251 3252 3257 3258 3275 3276 3277 3278 3279 3285 3356 3664 3690 3691 3692 3693 
	}
}
thorn={
	location=3184
	outgoing={
		name="narsis"
		path={
			3170 3131 3160 3675 3163 
		}
		control={
			3809.000000 1149.000000 3729.000000 1140.000000 3702.000000 1170.000000 3668.000000 1189.000000 
		}
	}
	outgoing={
		name="archon"
		path={
			3171 3190 3192 3223 3382 3210 3211 
		}
		control={
			3852.000000 1114.000000 3858.000000 1086.000000 3877.000000 1050.000000 3856.000000 990.000000 3852.000000 919.000000 3833.649902 858.919983 3813.000000 836.000000 
		}
	}
	members={
		3108 3118 3128 3129 3130 3131 3132 3133 3134 3170 3171 3172 3173 3174 3175 3184 3701 3717 3718 3727 3728
	}
}
archon={
	location=3211
	outgoing={
		name="murkwood"
		path={
			3210 3666 3209 3193 3200 3188 3185 3186 
		}
		control={
			3808.000000 858.000000 3807.000000 886.000000 3829.000000 920.000000 3835.000000 947.000000 3808.000000 977.000000 3772.000000 995.000000 3740.000000 1003.000000 3708.000000 1012.000000 3679.000000 1027.000000 
		}
	}
	members={
		3189 3190 3191 3192 3193 3200 3202 3205 3208 3209 3210 3211 3212 3213 3214 3215 3216 3217 3223 3382 3668 3669 3667 3666 3674 3708 3709 3710
	}
}
narsis={
	location=3163
	inland=yes
	outgoing={
		name="cheydinhal_t"
		path={
			3665 3166 3167 3352 3419 3429 
		}
		control={
			3652.000000 1204.000000 3640.000000 1226.000000 3619.000000 1261.000000 3570.000000 1298.000000 3539.000000 1271.000000 3513.000000 1258.000000 3481.000000 1241.000000 3422.000000 1259.000000 3400.000000 1276.000000 3379.000000 1307.000000 3385.000000 1324.000000 
		}
	}
	outgoing={
		name="leyawiin_t"
		path={
			3164 3181 3342 3336 3335 3334 3345 
		}
		control={
			3668.000000 1189.000000 3681.000000 1173.000000 3680.000000 1136.000000 3661.000000 1107.000000 3585.000000 1107.000000 3540.000000 1072.000000 3498.000000 1066.000000 3469.000000 1026.000000 3423.000000 1011.000000 3404.000000 989.000000 
		}
	}
	outgoing={
		name="murkwood"
		path={
			3164 3177 3178 3183 3185 3186 
		}
		control={
			3668.000000 1189.000000 3681.000000 1173.000000 3680.000000 1136.000000 3661.000000 1107.000000 3585.000000 1107.000000 3568.000000 1058.000000 3629.000000 1038.000000 
		}
	}
	members={
		3135 3136 3137 3138 3139 3140 3141 3142 3160 3161 3162 3163 3164 3165 3166 3167 3168 3169 3176 3177 3178 3179 3675 3685 3665 3686 3687 3689 3711 3719 3729 3731 3732 3734
	}
}
murkwood={
	location=3186
	inland=yes
	outgoing={
		name="gideon"
		path={
			3671 3195 3194 3196 3237 3238 
		}
		control={
			3629.000000 1038.000000 3589.000000 1042.000000 3551.000000 1043.000000 3528.000000 1028.000000 3517.000000 997.000000 
		}
	}
	members={
		3180 3182 3183 3185 3186 3187 3188 3194 3195 3197 3198 3199 3201 3203 3204 3206 3207 3220 3224 3225 3663 3671 3670 3672 3707 3730 3733 3735 3736 3737 3738
	}
}
gideon={
	location=3238
	outgoing={
		name="leyawiin_t"
		path={
			3241 3243 3334 3345 
		}
		control={
			3480.000000 949.000000 3449.000000 935.000000 3410.000000 947.000000 3388.000000 968.000000 
		}
	}
	outgoing={
		name="senchal_t"
		path={
			3240 3545 3540 3616 
		}
		control={
			3479.000000 946.000000 3448.000000 909.000000 3438.000000 868.000000 3418.000000 852.000000 3366.000000 843.000000 
		}
	}
	outgoing={
		name="alabaster_t"
		path={
			3240 3243 3537 3344 3602 
		}
		control={
			3480.000000 949.000000 3449.000000 935.000000 3410.000000 947.000000 3382.000000 961.000000 3343.000000 927.000000 
		}
	}
	members={
		3196 3218 3219 3221 3222 3226 3227 3228 3229 3230 3231 3232 3233 3234 3235 3236 3237 3238 3239 3240 3241 3662 3673 3556 3557 3712
	}
}
solitude={
	location=3290
	outgoing={
		name="whiterun"
		path={
			3287 3289 3303 3308 3310 3311 
		}
		control={
			3017.000000 1696.000000 3000.000000 1684.000000 2998.000000 1671.000000 2987.000000 1651.000000 2993.000000 1632.000000 3019.000000 1588.000000 3073.000000 1581.000000 
		}
	}
	members={
		3280 3281 3287 3288 3289 3290 3291 3292 3293 3294 3295 3296 3297 3298 3299 3300 3301 3302 3303 3304 3328 3329 3330 3331 3332 3333 
	}
}
whiterun={
	location=3311
	inland=yes
	outgoing={
		name="riften"
		path={
			3315 3267 3676 3266 3265 3261 
		}
		control={
			3117.000000 1577.000000 3142.000000 1597.000000 3195.000000 1594.000000 3251.000000 1565.000000 3291.000000 1516.000000 3320.000000 1509.000000 3351.000000 1514.000000 3378.000000 1507.000000 3379.000000 1496.000000 
		}
	}
	members={
		3255 3256 3282 3283 3284 3305 3306 3307 3308 3309 3310 3311 3312 3313 3314 3315 3316 3317 3318 3321 3322 3323 3324 3325 3326 3327 3678 3677 
	}
}
riften={
	location=3261
	inland=yes
	outgoing={
		name="bruma_t"
		path={
			3265 3354 3436 
		}
		control={
			3360.000000 1482.000000 3341.000000 1482.000000 3314.000000 1485.000000 3278.000000 1491.000000 3252.000000 1485.000000 3246.000000 1452.000000 3239.000000 1434.000000 3247.000000 1418.000000 
		}
	}
	members={
		3253 3254 3259 3260 3261 3262 3263 3264 3265 3266 3267 3270 3271 3272 3273 3274 3320 3676 3319 3269 
	}
}
leyawiin_t={
	location=3345
	outgoing={
		name="imperial_city_t"
		path={
			3346 3348 3351 3518 3519 3514 3539 3461 3529 
		}
		control={
			3382.000000 1014.000000 3384.000000 1035.000000 3370.000000 1066.000000 3370.000000 1115.000000 3332.000000 1166.000000 3275.000000 1237.000000 3240.000000 1245.000000 3215.000000 1257.000000 3220.000000 1272.000000 3211.000000 1292.000000 
		}
	}
	outgoing={
		name="cheydinhal_t"
		path={
			3694 3543 3542 1737 3462 3429 
		}
		control={
			3382.000000 1014.000000 3384.000000 1035.000000 3370.000000 1066.000000 3370.000000 1115.000000 3338.330078 1175.150024 3350.000000 1203.000000 3361.000000 1227.000000 3373.000000 1253.000000 3385.000000 1286.000000 3378.000000 1310.000000 3385.000000 1324.000000 
		}
	}
	outgoing={
		name="skingrad_t"
		path={
			3346 3594 3590 3588 3582 3580 3579 3578 3575 3494 3527 
		}
		control={
			3382.000000 1014.000000 3384.000000 1035.000000 3370.000000 1066.000000 3370.000000 1113.000000 3336.000000 1137.000000 3298.000000 1142.000000 3267.000000 1163.000000 3210.000000 1187.000000 3142.000000 1186.000000 3083.000000 1188.000000 
		}
	}
	outgoing={
		name="alabaster_t"
		path={
			3344 3602 
		}
		control={
			3379.000000 965.000000 3343.000000 927.000000 
		}
	}
	members={
		3345 3334 3242 3243 3344 3348 3346 3347 3349 3339 3341 3340 3337 3338 3335 3336 3343 3400 3342 3181 3403 3404 3402 3406 3405 3409 3407 3401 3351 3350 3518 3408 3410 3465 3542 3543 1739 3537 3713 3714 3715
	}
}
anvil_t={
	location=3491
	outgoing={
		name="skingrad_t"
		path={
			3488 3477 3476 3474 3528 3527 
		}
		control={
			2842.000000 1156.000000 2875.000000 1169.000000 2900.000000 1172.000000 2935.000000 1183.000000 2995.000000 1198.000000 3032.000000 1196.000000 
		}
	}
	outgoing={
		name="chorrol_t"
		path={
			3488 3477 3476 3472 3471 3469 3467 3456 
		}
		control={
			2842.000000 1156.000000 2875.000000 1169.000000 2900.000000 1172.000000 2962.000000 1193.000000 2993.000000 1210.000000 3022.000000 1240.000000 3035.000000 1261.000000 3053.000000 1285.000000 3061.000000 1302.000000 3065.000000 1329.000000 
		}
	}
	members={
		3488 3489 3490 3491 3483 3484 3485 3486 3468 3478 3479 3480 3482 3473 3471 3476 3477 3487 3475 3474 3472 
	}
}
alabaster_t={
	location=3602
	outgoing={
		name="senchal_t"
		path={
			3541 3616 
		}
		control={
			3334.000000 908.000000 3328.000000 866.000000 3347.000000 831.000000 
		}
	}
	outgoing={
		name="riverhold_t"
		path={
			3600 3596 3589 3582 3580 3579 3577 
		}
		control={
			3304.000000 937.000000 3278.000000 964.000000 3246.000000 1001.000000 3249.000000 1039.000000 3221.000000 1064.000000 3173.000000 1075.000000 3179.000000 1111.000000 
		}
	}
	outgoing={
		name="torval_t"
		path={
			3604 3607 3610 3638 3639 3641 
		}
		control={
			3304.000000 937.000000 3276.000000 961.000000 3241.000000 959.000000 3218.000000 933.000000 3185.000000 927.000000 3150.000000 912.000000 3127.000000 899.000000 
		}
	}
	members={
		3602 3601 3603 3600 3604 3605 3608 3609 3598 3597 3599 3594 3595 3611 3596 3646 3607 3610 3637 3636 
	}
}
senchal_t={
	location=3616
	outgoing={
		name="torval_t"
		path={
			3615 3614 3613 3624 3626 3635 3640 3641 
		}
		control={
			3355.000000 826.000000 3398.000000 804.000000 3394.000000 774.000000 3361.000000 761.000000 3279.000000 767.000000 3211.000000 764.000000 3143.000000 772.000000 3085.000000 787.000000 3075.000000 829.000000 3104.000000 846.000000 
		}
	}
	members={
		3616 3617 3618 3619 3620 3615 3621 3622 3629 3623 3628 3630 3627 3631 3632 3633 3648 3606 3612 3613 3614 3625 3647 3624 3626 3634 3635 
	}
}
torval_t={
	location=3641
	outgoing={
		name="riverhold_t"
		path={
			3642 3559 3558 3581 3580 3579 3577 
		}
		control={
			3124.000000 914.000000 3111.000000 937.000000 3088.000000 957.000000 3061.000000 1005.000000 3062.000000 1038.000000 3078.000000 1059.000000 3129.000000 1060.000000 3161.000000 1069.000000 3179.000000 1111.000000 
		}
	}
	members={
		3641 3640 3639 3638 3643 3642 3644 3651 3649 3650 3645 3652 3653 3559 3560 3561 3562 3563 
	}
}
riverhold_t={
	location=3577
	inland=yes
	outgoing={
		name="skingrad_t"
		path={
			3525 3527 
		}
		control={
			3156.000000 1166.000000 3138.000000 1184.000000 3083.000000 1188.000000 
		}
	}
	members={
		3577 3579 3584 3585 3575 3576 3578 3568 3574 3573 3569 3566 3567 3565 3564 3571 3570 3572 3581 3580 3583 3582 3588 3589 3593 3592 3586 3591 3587 3590 
	}
}
skingrad_t={
	location=3527
	inland=yes
	outgoing={
		name="chorrol_t"
		path={
			3506 3497 3456 
		}
		control={
			3061.000000 1222.000000 3066.000000 1255.000000 3072.000000 1281.000000 3065.000000 1302.000000 3065.000000 1329.000000 
		}
	}
	outgoing={
		name="imperial_city_t"
		path={
			3523 3510 3539 3461 3529 
		}
		control={
			3089.000000 1218.000000 3119.000000 1234.000000 3144.000000 1245.000000 3163.000000 1254.000000 3161.000000 1284.000000 3183.000000 1297.000000 
		}
	}
	members={
		3527 3528 3526 3509 3523 3504 3508 3507 3524 3522 3521 3520 3519 3493 3494 3525 
	}
}
chorrol_t={
	location=3456
	inland=yes
	outgoing={
		name="imperial_city_t"
		path={
			3451 3452 3444 3533 3461 3529 
		}
		control={
			3087.000000 1343.000000 3104.000000 1332.000000 3127.000000 1327.000000 3160.000000 1313.000000 3175.000000 1301.000000 
		}
	}
	outgoing={
		name="bruma_t"
		path={
			3451 3447 3435 3437 3436 
		}
		control={
			3094.000000 1373.000000 3124.000000 1376.000000 3161.000000 1389.000000 3203.000000 1384.000000 3245.000000 1391.000000 
		}
	}
	members={
		3456 3498 3499 3497 3467 3466 3455 3454 3450 3500 3505 3452 3451 3496 3506 3495 3470 3469 
	}
}
bruma_t={
	location=3436
	inland=yes
	outgoing={
		name="imperial_city_t"
		path={
			3437 3445 3443 3533 3461 3529 
		}
		control={
			3229.000000 1364.000000 3217.000000 1340.000000 3209.429932 1299.939941 
		}
	}
	outgoing={
		name="cheydinhal_t"
		path={
			3439 3430 3429 
		}
		control={
			3278.000000 1389.000000 3321.000000 1368.000000 
		}
	}
	members={
		3436 3432 3433 3435 3434 3448 3437 3438 3446 3447 3449 3439 3424 3268 3423 3453 
	}
}
cheydinhal_t={
	location=3429
	inland=yes
	outgoing={
		name="imperial_city_t"
		path={
			3462 3458 3534 3530 3529 
		}
		control={
			3316.000000 1339.000000 3275.000000 1323.000000 3252.000000 1318.000000 3220.000000 1309.000000 3213.000000 1296.000000 
		}
	}
	members={
		3429 3428 3430 3440 3457 3462 3422 3421 3420 3419 3418 3417 3427 3426 3425 3463 3413 3412 3416 3415 3414 
	}
}
imperial_city_t={
	location=3529
	members={
		3443 3444 3442 3441 3445 3502 3501 3503 3510 3458 3459 3460 3513 3512 3511 3515 3514 3516 3464 3529 3530 3461 3531 3536 3535 3539 3532 3533 3534 3538 3517 3411 
	}
	end=yes
}
